6791.99	0.000617477	51.6393	0.1082	234.152	105.637	0
6790.75	0.000443785	51.6352	14.4535	226.282	105.629	100
6789.69	0.000341619	51.6316	41.9231	205.287	105.62	200
6788.84	0.000363456	51.6288	74.6575	179.027	105.609	300
6788.25	0.000476671	51.6268	94.4715	165.688	105.599	400
6787.96	0.000613632	51.6258	103.383	163.25	105.587	500
6787.94	0.000745279	51.6258	107.045	166.061	105.576	600
6788.24	0.00085804	51.6267	107.653	171.924	105.564	700
6788.82	0.00094883	51.6287	106.657	179.391	105.553	800
6789.66	0.00101451	51.6315	104.599	187.918	105.543	900
6790.73	0.00105683	51.635	101.637	197.348	105.534	1000
6791.92	0.00107857	51.6391	98.2952	207.155	105.526	1100
6793.25	0.00107548	51.6434	94.3412	217.574	105.519	1200
6794.58	0.00105503	51.648	90.2638	228.113	105.513	1300
6795.9	0.0010146	51.6523	85.9231	238.915	105.509	1400
6797.1	0.00095751	51.6563	81.6772	249.62	105.505	1500
6798.14	0.000880252	51.6598	77.5294	260.225	105.503	1600
6798.97	0.000785694	51.6626	73.682	270.529	105.502	1700
6799.55	0.000671955	51.6644	70.2272	280.439	105.501	1800
6799.82	0.000539954	51.6654	67.8121	289.308	105.501	1900
6799.81	0.000391278	51.6653	66.8738	296.7	105.501	2000
6799.49	0.000228875	51.6643	70.9915	299.035	105.501	2100
6798.91	7.89147e-05	51.6623	111.191	265.288	105.5	2200
6798.04	0.000167349	51.6595	201.797	181.135	105.499	2300
6796.98	0.000353405	51.6559	212.72	176.664	105.497	2400
6795.76	0.000543337	51.6519	214.338	181.5	105.494	2500
6794.44	0.000727496	51.6474	214.236	188.055	105.489	2600
6793.11	0.000896418	51.643	213.537	195.21	105.483	2700
6791.8	0.00104503	51.6387	212.675	202.527	105.476	2800
6790.62	0.00116373	51.6347	211.826	209.832	105.468	2900
6789.57	0.00125154	51.6312	211.204	216.911	105.458	3000
6788.76	0.00130004	51.6285	210.857	223.717	105.448	3100
6788.21	0.00130684	51.6266	210.88	230.154	105.437	3200
6787.94	0.00127185	51.6257	211.418	236.077	105.426	3300
6787.99	0.00119538	51.6258	212.678	241.278	105.414	3400
6788.3	0.0010823	51.627	214.98	245.439	105.403	3500
6788.91	0.000939857	51.6291	219.139	247.743	105.392	3600
6789.8	0.000774905	51.6319	226.581	246.765	105.382	3700
6790.87	0.000620029	51.6355	239.646	240.165	105.373	3800
6792.1	0.000514733	51.6396	261.815	224.461	105.365	3900
6793.41	0.000519841	51.644	289.896	202.847	105.358	4000
6794.76	0.000637657	51.6485	312.372	186.837	105.353	4100
6796.07	0.00081679	51.6529	325.672	180.004	105.348	4200
6797.26	0.00100768	51.6569	333.294	178.85	105.345	4300
6798.29	0.00119035	51.6603	337.775	180.837	105.343	4400
6799.1	0.00134742	51.6629	340.583	184.498	105.342	4500
6799.62	0.0014683	51.6647	342.327	189.223	105.342	4600
6799.86	0.00154868	51.6655	343.431	194.588	105.341	4700
6799.8	0.00158503	51.6653	344.166	200.324	105.341	4800
6799.46	0.00157784	51.6641	344.745	206.217	105.341	4900
6798.81	0.00152304	51.662	345.115	212.318	105.341	5000
6797.92	0.00142822	51.659	345.676	218.23	105.339	5100
6796.82	0.00129486	51.6553	346.426	223.953	105.337	5200
6795.57	0.00113128	51.6512	347.768	229.084	105.333	5300
6794.24	0.000947693	51.6468	350.18	233.147	105.328	5400
6792.88	0.000750279	51.6422	354.563	235.238	105.322	5500
6791.6	0.000561103	51.6379	3.08502	233.192	105.315	5600
6790.42	0.000402872	51.634	20.8969	221.855	105.306	5700
6789.41	0.00033415	51.6306	51.9268	197.3	105.297	5800
6788.63	0.000390327	51.6281	82.1022	173.599	105.286	5900
6788.12	0.000515669	51.6264	97.9261	164.249	105.275	6000
6787.92	0.000653251	51.6256	104.819	163.83	105.264	6100
6788	0.000779521	51.6259	107.288	167.833	105.252	6200
6788.38	0.000886018	51.6272	107.411	174.182	105.241	6300
6789.07	0.000969519	51.6295	105.905	182.158	105.23	6400
6789.96	0.0010294	51.6325	103.626	190.905	105.22	6500
6791.07	0.00106494	51.6362	100.575	200.424	105.211	6600
6792.34	0.00107893	51.6404	96.863	210.601	105.204	6700
6793.66	0.00107218	51.6449	92.9514	220.976	105.197	6800
6794.99	0.00104513	51.6493	88.8328	231.557	105.192	6900
6796.29	0.00100006	51.6536	84.3874	242.463	105.188	7000
6797.45	0.000937131	51.6575	80.1894	253.119	105.185	7100
6798.45	0.000856305	51.6607	76.0228	263.743	105.183	7200
6799.17	0.000755449	51.6632	72.443	273.779	105.182	7300
6799.68	0.000636293	51.6649	69.1354	283.541	105.182	7400
6799.86	0.000499105	51.6655	66.9844	292.146	105.182	7500
6799.75	0.000345181	51.6651	67.0798	298.504	105.182	7600
6799.34	0.000181637	51.6638	75.3163	296.72	105.181	7700
6798.66	7.34392e-05	51.6615	152.073	226.417	105.18	7800
6797.74	0.00022208	51.6584	207.194	177.748	105.179	7900
6796.63	0.0004092	51.6547	213.388	178.007	105.176	8000
6795.36	0.000600038	51.6505	214.242	183.606	105.173	8100
6794.05	0.000778958	51.6461	213.904	190.398	105.168	8200
6792.69	0.000945597	51.6417	213.082	197.675	105.161	8300
6791.41	0.00108661	51.6373	212.231	204.982	105.154	8400
6790.27	0.00119558	51.6335	211.481	212.189	105.145	8500
6789.31	0.00126982	51.6303	210.94	219.187	105.136	8600
6788.57	0.00130599	51.6278	210.695	225.892	105.125	8700
6788.09	0.00130228	51.6262	210.843	232.203	105.114	8800
6787.92	0.0012544	51.6257	211.576	237.931	105.103	8900
6788.05	0.00116614	51.626	213.104	242.865	105.091	9000
6788.47	0.00104218	51.6275	215.952	246.48	105.08	9100
6789.18	0.000890403	51.6298	220.997	247.898	105.069	9200
6790.12	0.000726555	51.6329	229.765	245.595	105.059	9300
6791.23	0.000581052	51.6367	245.161	236.663	105.051	9400
6792.51	0.000504085	51.641	270.146	218.144	105.043	9500
6793.83	0.000545134	51.6455	297.634	197.122	105.036	9600
6795.18	0.000687498	51.6499	317.035	184.188	105.031	9700
6796.46	0.00087376	51.6542	328.294	179.396	105.027	9800
6797.6	0.00106478	51.658	334.828	179.33	105.025	9900
6798.54	0.00123825	51.6612	338.678	181.949	105.023	10000
6799.28	0.00138696	51.6636	341.077	186.018	105.022	10100
6799.73	0.00149641	51.6651	342.595	190.97	105.022	10200
6799.87	0.00156282	51.6656	343.58	196.454	105.022	10300
6799.73	0.00158774	51.665	344.222	202.284	105.022	10400
6799.29	0.00156428	51.6635	344.74	208.237	105.021	10500
6798.56	0.00149794	51.6611	345.16	214.289	105.02	10600
6797.59	0.00139005	51.6579	345.722	220.2	105.019	10700
6796.46	0.00124929	51.6541	346.71	225.684	105.016	10800
6795.17	0.00107758	51.6498	348.168	230.701	105.012	10900
6793.82	0.000888086	51.6453	351.001	234.342	105.007	11000
6792.48	0.00069209	51.6409	356.398	235.42	105	11100
6791.2	0.000506071	51.6367	7.02497	231.268	104.993	11200
6790.08	0.000368709	51.6329	28.7066	216.061	104.984	11300
6789.13	0.000337752	51.6297	62.2894	188.953	104.974	11400
6788.46	0.000423808	51.6274	87.8074	169.91	104.963	11500
6788.02	0.000556394	51.626	100.566	163.626	104.952	11600
6787.92	0.000691694	51.6257	105.59	165.075	104.941	11700
6788.09	0.000812788	51.6262	107.366	169.77	104.929	11800
6788.57	0.000911933	51.6278	106.92	176.688	104.918	11900
6789.31	0.000989505	51.6304	105.212	184.866	104.907	12000
6790.3	0.00104077	51.6336	102.486	194.06	104.898	12100
6791.47	0.00107088	51.6374	99.2069	203.806	104.889	12200
6792.75	0.00107947	51.6417	95.4769	214.001	104.882	12300
6794.08	0.00106633	51.6462	91.5188	224.422	104.875	12400
6795.4	0.00103569	51.6507	87.3044	235.098	104.871	12500
6796.67	0.000985024	51.6549	82.9143	245.948	104.867	12600
6797.78	0.000915416	51.6585	78.7269	256.593	104.864	12700
6798.68	0.000828435	51.6616	74.8213	266.956	104.863	12800
6799.36	0.000722589	51.6638	71.2295	277.003	104.862	12900
6799.76	0.000597849	51.6652	68.3747	286.313	104.862	13000
6799.85	0.000456889	51.6655	66.7124	294.429	104.862	13100
6799.66	0.000298252	51.6649	67.8673	299.727	104.862	13200
6799.16	0.000133581	51.6631	83.341	290.706	104.861	13300
6798.38	0.000105718	51.6606	183.001	197.498	104.86	13400
6797.42	0.000276359	51.6573	209.658	177.294	104.858	13500
6796.24	0.000467373	51.6534	213.556	179.85	104.856	13600
6794.95	0.000655794	51.6491	213.939	185.92	104.851	13700
6793.61	0.000833108	51.6447	213.444	192.869	104.846	13800
6792.29	0.000990463	51.6403	212.636	200.132	104.84	13900
6791.05	0.0011216	51.6361	211.845	207.379	104.832	14000
6789.94	0.00122361	51.6324	211.153	214.528	104.823	14100
6789.05	0.00128581	51.6294	210.702	221.438	104.813	14200
6788.39	0.00131002	51.6272	210.583	228.016	104.802	14300
6788.02	0.00129202	51.626	210.884	234.174	104.791	14400
6787.93	0.00123267	51.6257	211.78	239.739	104.779	14500
6788.16	0.00113145	51.6264	213.744	244.238	104.768	14600
6788.66	0.000999628	51.6281	217.06	247.385	104.757	14700
6789.45	0.000841741	51.6307	222.974	247.934	104.746	14800
6790.46	0.000678944	51.6341	233.46	243.913	104.737	14900
6791.63	0.0005472	51.638	251.729	232.109	104.728	15000
6792.91	0.000502833	51.6423	278.528	211.776	104.721	15100
6794.26	0.000580058	51.6468	304.423	192.347	104.715	15200
6795.58	0.000740964	51.6513	321.01	182.227	104.71	15300
6796.84	0.000932886	51.6554	330.632	179.072	104.707	15400
6797.92	0.00111959	51.6591	336.109	180.063	104.704	15500
6798.82	0.00128814	51.662	339.404	183.237	104.703	15600
6799.45	0.00142424	51.6641	341.536	187.573	104.702	15700
6799.81	0.00152095	51.6653	342.849	192.73	104.702	15800
6799.87	0.00157548	51.6655	343.684	198.366	104.702	15900
6799.62	0.00158452	51.6647	344.304	204.217	104.702	16000
6799.08	0.00154738	51.6629	344.691	210.301	104.701	16100
6798.27	0.0014672	51.6602	345.208	216.256	104.7	16200
6797.26	0.00135057	51.6568	345.825	222.113	104.698	16300
6796.05	0.0011975	51.6528	346.884	227.526	104.695	16400
6794.75	0.00102137	51.6484	348.781	232.104	104.691	16500
6793.4	0.000827943	51.644	352.082	235.278	104.685	16600
6792.08	0.000633895	51.6395	358.593	235.241	104.678	16700
6790.85	0.000457717	51.6354	11.9267	228.383	104.67	16800
6789.76	0.000343414	51.6318	38.0303	208.754	104.661	16900
6788.89	0.000352687	51.6289	71.4364	181.823	104.651	17000
6788.27	0.000460588	51.6269	92.8969	166.837	104.64	17100
6787.96	0.000596936	51.6258	102.557	163.65	104.629	17200
6787.94	0.00072843	51.6257	106.351	166.33	104.617	17300
6788.2	0.000844585	51.6266	107.268	171.884	104.606	17400
6788.77	0.000938277	51.6285	106.353	179.27	104.595	17500
6789.61	0.00100548	51.6313	104.21	187.883	104.585	17600
6790.65	0.00105165	51.6347	101.357	197.203	104.575	17700
6791.85	0.00107612	51.6387	97.957	207.069	104.567	17800
6793.15	0.00107632	51.6431	94.1402	217.35	104.56	17900
6794.5	0.00105893	51.6477	90.0074	227.946	104.554	18000
6795.82	0.00102208	51.6521	85.697	238.717	104.55	18100
6797.03	0.000966251	51.6561	81.4603	249.413	104.546	18200
6798.09	0.00089378	51.6596	77.2704	260.061	104.544	18300
6798.94	0.00080114	51.6624	73.4001	270.388	104.543	18400
6799.52	0.00068921	51.6644	70.0819	280.162	104.542	18500
6799.81	0.000558935	51.6654	67.5991	289.099	104.542	18600
6799.82	0.000411034	51.6654	66.7029	296.448	104.542	18700
6799.52	0.000248664	51.6644	70.1442	299.46	104.542	18800
6798.95	9.48793e-05	51.6625	100.55	275.507	104.541	18900
6798.11	0.000150289	51.6597	197.177	185.332	104.54	19000
6797.06	0.000333937	51.6562	211.087	177.876	104.538	19100
6795.84	0.000526097	51.6521	213.443	181.973	104.535	19200
6794.53	0.000712978	51.6478	213.577	188.292	104.53	19300
6793.2	0.000882456	51.6433	213.018	195.306	104.524	19400
6791.9	0.00103287	51.6389	212.212	202.567	104.517	19500
6790.69	0.00115711	51.6349	211.454	209.782	104.509	19600
6789.66	0.00124524	51.6314	210.873	216.82	104.5	19700
6788.82	0.00129783	51.6286	210.486	223.665	104.49	19800
6788.24	0.00130953	51.6267	210.452	230.158	104.479	19900
6787.96	0.00127906	51.6258	210.953	236.118	104.467	20000
6787.97	0.00120609	51.6258	212.138	241.395	104.456	20100
6788.29	0.00109482	51.6269	214.402	245.593	104.445	20200
6788.87	0.000954394	51.6289	218.341	248.117	104.434	20300
6789.72	0.00079214	51.6317	225.321	247.601	104.424	20400
6790.8	0.000632976	51.6353	237.772	241.615	104.414	20500
6792.01	0.000521115	51.6393	259.018	226.834	104.406	20600
6793.33	0.000513614	51.6437	287.032	205.285	104.399	20700
6794.67	0.000622966	51.6482	310.325	188.46	104.394	20800
6795.99	0.000797793	51.6526	324.481	180.77	104.389	20900
6797.2	0.000990337	51.6566	332.525	179.194	104.386	21000
6798.21	0.00117202	51.6601	337.137	181.05	104.384	21100
6799.05	0.00133389	51.6627	340.106	184.55	104.383	21200
6799.6	0.00145759	51.6646	341.894	189.23	104.382	21300
6799.87	0.00154334	51.6655	343.055	194.539	104.382	21400
6799.82	0.00158258	51.6654	343.773	200.292	104.382	21500
6799.49	0.00157805	51.6642	344.327	206.209	104.382	21600
6798.86	0.00152839	51.6621	344.734	212.274	104.381	21700
6797.99	0.00143651	51.6592	345.244	218.236	104.38	21800
6796.9	0.00130566	51.6556	345.98	223.973	104.378	21900
6795.66	0.00114601	51.6515	347.193	229.234	104.374	22000
6794.34	0.000963942	51.647	349.377	233.524	104.37	22100
6792.98	0.000768624	51.6425	353.541	235.835	104.364	22200
6791.68	0.000576681	51.6382	1.50608	234.344	104.356	22300
6790.48	0.000411744	51.6342	17.875	224.451	104.348	22400
6789.45	0.000331177	51.6309	48.3319	200.469	104.338	22500
6788.67	0.000377884	51.6282	79.4353	175.84	104.328	22600
6788.15	0.000499379	51.6265	96.4858	165.264	104.317	22700
6787.91	0.000636779	51.6257	104.056	164.168	104.306	22800
6788	0.000764865	51.6259	106.618	168.078	104.294	22900
6788.36	0.000873823	51.6272	106.917	174.251	104.283	23000
6789	0.00096077	51.6293	105.608	182.03	104.272	23100
6789.91	0.00102276	51.6323	103.253	190.854	104.262	23200
6791.01	0.00106105	51.6359	100.206	200.368	104.253	23300
6792.25	0.00107784	51.6401	96.6108	210.429	104.245	23400
6793.57	0.00107405	51.6445	92.6876	220.816	104.238	23500
6794.91	0.00105008	51.649	88.561	231.405	104.233	23600
6796.2	0.00100885	51.6533	84.2857	242.141	104.229	23700
6797.38	0.000948321	51.6572	80.0279	252.858	104.226	23800
6798.38	0.00086815	51.6606	75.8783	263.465	104.224	23900
6799.14	0.000770902	51.6631	72.2402	273.559	104.223	24000
6799.64	0.000653576	51.6647	69.112	283.142	104.222	24100
6799.86	0.000518659	51.6655	66.911	291.797	104.222	24200
6799.76	0.000365644	51.6652	66.8882	298.273	104.222	24300
6799.37	0.0002011	51.6639	73.5531	298.061	104.222	24400
6798.7	7.70846e-05	51.6617	136.276	241.791	104.221	24500
6797.8	0.00020433	51.6587	203.864	180.656	104.22	24600
6796.7	0.000392478	51.6549	212.122	178.85	104.217	24700
6795.45	0.000583165	51.6508	213.427	183.999	104.214	24800
6794.14	0.000763259	51.6464	213.251	190.629	104.209	24900
6792.79	0.000930645	51.6419	212.543	197.792	104.203	25000
6791.5	0.00107431	51.6376	211.788	205.002	104.195	25100
6790.35	0.00118696	51.6338	211.039	212.208	104.187	25200
6789.37	0.00126793	51.6305	210.55	219.154	104.177	25300
6788.61	0.0013071	51.6279	210.285	225.878	104.167	25400
6788.11	0.00130702	51.6263	210.386	232.237	104.156	25500
6787.92	0.00126283	51.6257	211.08	238.004	104.144	25600
6788.03	0.00117712	51.626	212.562	242.984	104.133	25700
6788.44	0.00105535	51.6273	215.244	246.764	104.121	25800
6789.11	0.000906714	51.6297	219.911	248.56	104.111	25900
6790.04	0.000743179	51.6327	228.21	246.726	104.101	26000
6791.16	0.000591965	51.6365	243.06	238.34	104.092	26100
6792.41	0.000505453	51.6407	266.992	220.874	104.084	26200
6793.75	0.000537434	51.6452	295.037	199.295	104.078	26300
6795.1	0.000672544	51.6496	315.442	185.357	104.072	26400
6796.37	0.000855256	51.6539	327.186	180.079	104.068	26500
6797.54	0.00104701	51.6577	334.063	179.67	104.066	26600
6798.51	0.00122506	51.661	338.131	182.07	104.064	26700
6799.24	0.00137295	51.6635	340.607	186.063	104.063	26800
6799.7	0.00148586	51.665	342.181	190.958	104.063	26900
6799.88	0.00155764	51.6656	343.201	196.408	104.063	27000
6799.75	0.00158569	51.6651	343.84	202.24	104.062	27100
6799.31	0.00156577	51.6637	344.311	208.24	104.062	27200
6798.61	0.00150339	51.6613	344.758	214.265	104.061	27300
6797.67	0.00139977	51.6581	345.343	220.153	104.06	27400
6796.51	0.00125853	51.6544	346.154	225.814	104.057	27500
6795.25	0.00109221	51.6501	347.561	230.882	104.053	27600
6793.91	0.000904756	51.6457	350.193	234.724	104.048	27700
6792.56	0.000707591	51.6412	355.097	236.295	104.042	27800
6791.29	0.000520274	51.6369	5.0757	232.791	104.034	27900
6790.15	0.00037533	51.6331	25.4623	218.88	104.025	28000
6789.2	0.000333022	51.63	58.4343	192.383	104.015	28100
6788.48	0.000408661	51.6275	85.8727	171.419	104.005	28200
6788.05	0.000539484	51.6261	99.2883	164.477	103.994	28300
6787.91	0.00067679	51.6256	104.973	165.266	103.982	28400
6788.08	0.000798618	51.6262	106.69	170.022	103.971	28500
6788.52	0.000900803	51.6277	106.566	176.617	103.96	28600
6789.27	0.000981467	51.6302	104.782	184.871	103.949	28700
6790.23	0.00103578	51.6334	102.15	193.972	103.939	28800
6791.38	0.00106708	51.6372	98.999	203.589	103.931	28900
6792.65	0.00107901	51.6415	95.2975	213.756	103.923	29000
6793.99	0.00106885	51.6459	91.2622	224.255	103.917	29100
6795.34	0.00104117	51.6504	86.9711	235.008	103.912	29200
6796.58	0.000992803	51.6546	82.7865	245.652	103.908	29300
6797.7	0.000926417	51.6584	78.5802	256.317	103.905	29400
6798.64	0.000842349	51.6614	74.5854	266.769	103.904	29500
6799.32	0.000738348	51.6637	71.132	276.678	103.903	29600
6799.73	0.000615621	51.6651	68.3287	285.936	103.903	29700
6799.84	0.000475232	51.6655	66.7068	294.012	103.903	29800
6799.68	0.000317924	51.6649	67.5346	299.637	103.903	29900
6799.2	0.000154409	51.6633	80.2461	293.378	103.902	30000
6798.45	9.45159e-05	51.6608	172.324	207.753	103.901	30100
6797.47	0.000259361	51.6576	207.293	179.237	103.899	30200
6796.31	0.000451601	51.6537	212.465	180.517	103.897	30300
6795.04	0.00063914	51.6494	213.182	186.255	103.893	30400
6793.72	0.000816976	51.645	212.908	192.982	103.887	30500
6792.38	0.000977507	51.6405	212.098	200.248	103.881	30600
6791.12	0.00111398	51.6363	211.316	207.486	103.873	30700
6790.02	0.00121611	51.6327	210.749	214.51	103.864	30800
6789.1	0.00128426	51.6296	210.248	221.469	103.854	30900
6788.43	0.00131159	51.6274	210.137	228.038	103.843	31000
6788.01	0.00129914	51.626	210.377	234.259	103.832	31100
6787.94	0.00123959	51.6257	211.354	239.742	103.821	31200
6788.14	0.0011436	51.6263	213.121	244.437	103.809	31300
6788.62	0.00101431	51.628	216.266	247.755	103.798	31400
6789.37	0.000859565	51.6306	221.887	248.597	103.788	31500
6790.36	0.00069482	51.6338	231.709	245.24	103.778	31600
6791.55	0.000556511	51.6377	249.332	234.081	103.77	31700
6792.82	0.000501532	51.6421	275.493	214.386	103.762	31800
6794.17	0.00056863	51.6465	302.111	194.235	103.756	31900
6795.5	0.000723893	51.651	319.61	183.202	103.751	32000
6796.76	0.000914864	51.6552	329.602	179.678	103.748	32100
6797.85	0.00110152	51.6588	335.376	180.372	103.745	32200
6798.76	0.00127146	51.6618	338.878	183.338	103.744	32300
6799.41	0.00141016	51.664	341.048	187.636	103.743	32400
6799.8	0.00151293	51.6653	342.427	192.727	103.743	32500
6799.88	0.00157199	51.6655	343.311	198.314	103.743	32600
6799.65	0.00158404	51.6648	343.904	204.191	103.743	32700
6799.12	0.0015506	51.663	344.337	210.229	103.742	32800
6798.35	0.0014755	51.6604	344.836	216.202	103.741	32900
6797.33	0.00136039	51.657	345.365	222.146	103.739	33000
6796.14	0.001211	51.6531	346.35	227.634	103.736	33100
6794.84	0.00103629	51.6487	348.019	232.44	103.732	33200
6793.48	0.000843627	51.6442	351.162	235.772	103.727	33300
6792.16	0.000649172	51.6398	357.188	236.22	103.72	33400
6790.91	0.000469294	51.6357	9.51493	230.368	103.712	33500
6789.83	0.000347773	51.6321	34.2368	212.122	103.703	33600
6788.94	0.000343536	51.6291	68.124	184.709	103.692	33700
6788.3	0.00044456	51.627	91.0669	168.241	103.682	33800
6787.98	0.000580465	51.6259	101.387	164.395	103.67	33900
6787.93	0.000713715	51.6257	105.669	166.586	103.659	34000
6788.19	0.000830104	51.6266	106.681	172.046	103.647	34100
6788.74	0.000927095	51.6284	105.893	179.305	103.636	34200
6789.54	0.000999388	51.6311	103.944	187.724	103.626	34300
6790.59	0.00104654	51.6345	100.977	197.159	103.617	34400
6791.76	0.00107235	51.6385	97.697	206.905	103.608	34500
6793.07	0.0010778	51.6428	93.8115	217.255	103.601	34600
6794.43	0.00106327	51.6473	89.672	227.858	103.595	34700
6795.72	0.00102876	51.6517	85.5485	238.442	103.591	34800
6796.96	0.000976943	51.6558	81.2126	249.238	103.587	34900
6798.02	0.000905532	51.6594	77.1651	259.743	103.585	35000
6798.89	0.000816154	51.6622	73.2509	270.114	103.584	35100
6799.5	0.00070628	51.6643	69.9027	279.918	103.583	35200
6799.81	0.000577398	51.6654	67.3826	288.892	103.583	35300
6799.82	0.000431377	51.6655	66.4941	296.235	103.583	35400
6799.57	0.000272074	51.6645	69.0732	300.108	103.583	35500
6798.99	0.000111378	51.6626	93.7403	281.894	103.582	35600
6798.17	0.000136329	51.6599	191.279	190.808	103.581	35700
6797.12	0.000317449	51.6564	209.335	179.205	103.579	35800
6795.95	0.000506973	51.6525	212.65	182.343	103.576	35900
6794.61	0.000695829	51.6481	212.789	188.658	103.571	36000
6793.3	0.000867497	51.6436	212.53	195.371	103.566	36100
6791.98	0.00102192	51.6392	211.744	202.613	103.559	36200
6790.75	0.00114935	51.6352	210.932	209.881	103.551	36300
6789.72	0.00124076	51.6316	210.441	216.829	103.541	36400
6788.86	0.00129789	51.6288	210.047	223.681	103.531	36500
6788.27	0.00131307	51.6268	210.02	230.168	103.52	36600
6787.97	0.0012854	51.6258	210.481	236.167	103.509	36700
6787.97	0.00121559	51.6258	211.653	241.456	103.498	36800
6788.26	0.00110803	51.6267	213.809	245.762	103.486	36900
6788.83	0.000969331	51.6287	217.569	248.465	103.475	37000
6789.68	0.000807652	51.6315	224.237	248.261	103.465	37100
6790.72	0.000647732	51.635	235.994	242.969	103.456	37200
6791.94	0.00052815	51.6391	256.334	229.093	103.448	37300
6793.23	0.000507667	51.6435	284.019	207.874	103.441	37400
6794.59	0.00060895	51.648	308.286	190.074	103.435	37500
6795.9	0.000779581	51.6523	323.083	181.743	103.43	37600
6797.12	0.000971295	51.6563	331.596	179.698	103.427	37700
6798.18	0.00115793	51.6598	336.572	181.189	103.425	37800
6798.99	0.0013174	51.6626	339.535	184.695	103.424	37900
6799.58	0.00144648	51.6645	341.445	189.254	103.423	38000
6799.86	0.00153553	51.6655	342.647	194.522	103.423	38100
6799.85	0.00157993	51.6654	343.422	200.217	103.423	38200
6799.5	0.0015767	51.6643	343.909	206.201	103.423	38300
6798.91	0.00153179	51.6623	344.35	212.232	103.422	38400
6798.05	0.00144327	51.6594	344.858	218.196	103.421	38500
6796.97	0.00131613	51.6559	345.496	224.032	103.419	38600
6795.75	0.00116007	51.6518	346.583	229.418	103.415	38700
6794.41	0.000977689	51.6474	348.643	233.832	103.411	38800
6793.08	0.000785872	51.6429	352.488	236.461	103.405	38900
6791.75	0.000590505	51.6385	359.894	235.53	103.398	39000
6790.56	0.000423995	51.6345	14.9669	226.933	103.389	39100
6789.52	0.000330562	51.6311	44.0966	204.278	103.38	39200
6788.71	0.000365539	51.6284	76.5226	178.327	103.369	39300
6788.16	0.000482926	51.6265	95.0998	166.224	103.358	39400
6787.94	0.000619609	51.6257	102.973	164.825	103.347	39500
6787.99	0.000749947	51.6259	105.97	168.301	103.336	39600
6788.33	0.000859831	51.627	106.476	174.267	103.324	39700
6788.96	0.000948676	51.6291	105.162	182.051	103.313	39800
6789.83	0.00101582	51.6321	102.982	190.7	103.303	39900
6790.92	0.00105659	51.6358	99.9773	200.172	103.294	40000
6792.16	0.00107703	51.6399	96.3802	210.235	103.286	40100
6793.48	0.00107515	51.6442	92.4409	220.639	103.279	40200
6794.84	0.00105596	51.6488	88.2052	231.337	103.274	40300
6796.12	0.00101645	51.6531	84.0379	241.965	103.27	40400
6797.29	0.000958038	51.657	79.9254	252.537	103.267	40500
6798.32	0.000881628	51.6604	75.7518	263.168	103.265	40600
6799.1	0.000786116	51.663	72.1364	273.24	103.264	40700
6799.62	0.000671169	51.6647	68.9365	282.895	103.263	40800
6799.84	0.000536583	51.6655	66.7857	291.5	103.263	40900
6799.78	0.000384845	51.6652	66.5173	298.222	103.263	41000
6799.41	0.000221846	51.664	72.4553	298.737	103.263	41100
6798.76	8.37407e-05	51.6618	121.715	255.93	103.262	41200
6797.88	0.000186221	51.6589	200.442	183.655	103.261	41300
6796.77	0.000375164	51.6552	210.528	180.022	103.258	41400
6795.54	0.000565489	51.6511	212.541	184.462	103.255	41500
6794.21	0.000749523	51.6466	212.675	190.782	103.25	41600
6792.86	0.000919266	51.6422	212.019	197.893	103.244	41700
6791.59	0.00106335	51.6379	211.346	205.021	103.237	41800
6790.4	0.00118271	51.634	210.622	212.203	103.228	41900
6789.42	0.00126448	51.6306	210.161	219.121	103.219	42000
6788.64	0.00130859	51.6281	209.855	225.885	103.208	42100
6788.16	0.0013086	51.6264	209.991	232.209	103.197	42200
6787.94	0.00126898	51.6256	210.643	238.017	103.186	42300
6788.02	0.00118864	51.626	212.007	243.115	103.174	42400
6788.4	0.0010704	51.6273	214.537	247.047	103.163	42500
6789.06	0.000923027	51.6294	219.002	249.045	103.152	42600
6789.98	0.000759297	51.6325	226.989	247.522	103.142	42700
6791.09	0.000604162	51.6362	241.01	239.966	103.133	42800
6792.32	0.000509315	51.6404	263.984	223.457	103.126	42900
6793.67	0.000527677	51.6448	292.277	201.63	103.119	43000
6795	0.000656108	51.6493	313.525	186.849	103.114	43100
6796.32	0.000839131	51.6536	326.19	180.651	103.11	43200
6797.46	0.00102846	51.6575	333.233	180.075	103.107	43300
6798.44	0.00120765	51.6608	337.475	182.301	103.105	43400
6799.2	0.00135942	51.6633	340.108	186.137	103.104	43500
6799.69	0.00147688	51.6649	341.758	190.955	103.103	43600
6799.87	0.00155061	51.6655	342.769	196.415	103.103	43700
6799.77	0.00158262	51.6651	343.51	202.144	103.103	43800
6799.36	0.00156795	51.6638	344.01	208.115	103.103	43900
6798.66	0.0015086	51.6615	344.34	214.257	103.102	44000
6797.74	0.00140873	51.6584	344.889	220.18	103.101	44100
6796.6	0.0012713	51.6547	345.603	225.94	103.098	44200
6795.34	0.00110686	51.6505	346.953	231.063	103.094	44300
6794	0.000920637	51.646	349.395	235.097	103.089	44400
6792.66	0.000725479	51.6415	354.03	236.936	103.083	44500
6791.36	0.00053474	51.6372	3.07344	234.367	103.075	44600
6790.21	0.000382534	51.6334	22.0942	221.822	103.067	44700
6789.26	0.000328397	51.6301	54.3906	196.001	103.057	44800
6788.53	0.000394435	51.6277	83.2764	173.59	103.046	44900
6788.07	0.000522928	51.6261	98.0029	165.337	103.035	45000
6787.91	0.000659549	51.6257	104.155	165.659	103.024	45100
6788.05	0.000783667	51.6261	106.266	170.02	103.012	45200
6788.5	0.000888286	51.6276	106.039	176.718	103.001	45300
6789.2	0.000970531	51.63	104.465	184.763	102.99	45400
6790.16	0.00102961	51.6332	101.926	193.771	102.981	45500
6791.3	0.00106534	51.6369	98.6855	203.478	102.972	45600
6792.57	0.00107861	51.6411	95.0022	213.627	102.964	45700
6793.92	0.00107201	51.6456	90.8999	224.193	102.958	45800
6795.23	0.0010456	51.6502	86.8359	234.719	102.953	45900
6796.52	0.00100174	51.6543	82.4762	245.539	102.949	46000
6797.64	0.000938308	51.6581	78.398	256.076	102.946	46100
6798.58	0.000857146	51.6613	74.4217	266.509	102.945	46200
6799.29	0.000755593	51.6636	70.9161	276.471	102.944	46300
6799.72	0.000633871	51.6651	68.0995	285.742	102.944	46400
6799.85	0.000495006	51.6655	66.386	293.91	102.943	46500
6799.69	0.000338651	51.665	67.155	299.594	102.943	46600
6799.23	0.000174054	51.6634	78.1243	295.078	102.943	46700
6798.5	8.77402e-05	51.661	159.708	219.946	102.942	46800
6797.53	0.000243096	51.6578	204.779	181.329	102.94	46900
6796.39	0.00043279	51.654	211.047	181.513	102.938	47000
6795.12	0.000623124	51.6497	212.326	186.688	102.934	47100
6793.78	0.000804212	51.6453	212.157	193.311	102.929	47200
6792.46	0.00096554	51.6408	211.632	200.291	102.922	47300
6791.2	0.00110421	51.6366	210.888	207.491	102.914	47400
6790.09	0.00121049	51.6329	210.317	214.518	102.906	47500
6789.15	0.00128225	51.6298	209.856	221.438	102.896	47600
6788.46	0.00131401	51.6274	209.731	228.021	102.885	47700
6788.05	0.00130245	51.626	209.976	234.236	102.874	47800
6787.92	0.00124977	51.6257	210.769	239.904	102.862	47900
6788.1	0.00115781	51.6263	212.547	244.587	102.851	48000
6788.59	0.00102744	51.6278	215.586	248.012	102.84	48100
6789.32	0.000875488	51.6303	220.854	249.207	102.829	48200
6790.29	0.000711183	51.6336	230.148	246.377	102.82	48300
6791.45	0.000567854	51.6375	246.765	236.224	102.811	48400
6792.75	0.000501146	51.6417	272.667	216.788	102.804	48500
6794.07	0.000556783	51.6462	299.56	196.361	102.797	48600
6795.42	0.000708226	51.6507	318.142	184.245	102.792	48700
6796.67	0.000894797	51.6548	328.556	180.299	102.789	48800
6797.81	0.00108618	51.6586	334.693	180.629	102.786	48900
6798.71	0.00125712	51.6617	338.352	183.438	102.785	49000
6799.39	0.00139916	51.6639	340.61	187.65	102.784	49100
6799.79	0.00150505	51.6652	342.024	192.704	102.784	49200
6799.88	0.0015662	51.6655	342.956	198.243	102.784	49300
6799.68	0.001583	51.6648	343.513	204.156	102.784	49400
6799.17	0.00155296	51.6632	343.994	210.147	102.783	49500
6798.4	0.00148175	51.6606	344.375	216.238	102.782	49600
6797.4	0.00137023	51.6573	344.951	222.135	102.78	49700
6796.21	0.00122279	51.6533	345.848	227.711	102.777	49800
6794.92	0.00105107	51.649	347.452	232.581	102.773	49900
6793.58	0.000861392	51.6445	350.331	236.176	102.768	50000
6792.24	0.000664545	51.6401	355.969	237.014	102.761	50100
6790.99	0.000482476	51.6359	7.36625	232.091	102.753	50200
6789.89	0.000353351	51.6323	30.6151	215.317	102.744	50300
6788.99	0.000335348	51.6293	64.6742	187.733	102.734	50400
6788.35	0.000429187	51.6271	88.9825	169.9	102.723	50500
6787.97	0.000563953	51.6259	100.504	164.852	102.712	50600
6787.92	0.000698083	51.6256	105.043	166.787	102.7	50700
6788.15	0.000817988	51.6265	106.288	172.013	102.689	50800
6788.67	0.000915925	51.6282	105.578	179.195	102.678	50900
6789.48	0.00098966	51.6309	103.553	187.69	102.668	51000
6790.5	0.00104226	51.6343	100.763	196.948	102.658	51100
6791.69	0.00106979	51.6382	97.3662	206.811	102.65	51200
6792.99	0.00107916	51.6425	93.5779	217.065	102.642	51300
6794.34	0.00106705	51.647	89.4119	227.694	102.636	51400
6795.64	0.0010346	51.6515	85.3334	238.234	102.632	51500
6796.88	0.000985352	51.6556	81.048	248.979	102.628	51600
6797.96	0.000916978	51.6592	76.9251	259.56	102.626	51700
6798.83	0.000830159	51.6621	73.1849	269.757	102.625	51800
6799.46	0.000722951	51.6642	69.7421	279.656	102.624	51900
6799.81	0.000596665	51.6653	67.1903	288.662	102.624	52000
6799.85	0.000450823	51.6655	66.003	296.303	102.624	52100
6799.57	0.000291306	51.6646	68.8136	299.946	102.624	52200
6799.03	0.000129221	51.6628	88.8378	286.374	102.623	52300
6798.22	0.000122705	51.6601	183.263	198.402	102.622	52400
6797.2	0.000298586	51.6567	207.37	180.748	102.62	52500
6796	0.000491593	51.6527	211.36	183.211	102.617	52600
6794.73	0.000677533	51.6484	212.222	188.802	102.613	52700
6793.38	0.000854362	51.6439	211.842	195.637	102.607	52800
6792.05	0.00101194	51.6395	211.225	202.709	102.6	52900
6790.84	0.00114037	51.6354	210.545	209.845	102.592	53000
6789.77	0.00123691	51.6318	209.995	216.852	102.583	53100
6788.92	0.00129693	51.6289	209.666	223.639	102.573	53200
6788.31	0.00131583	51.6269	209.627	230.137	102.562	53300
6787.96	0.00129356	51.6258	209.972	236.253	102.551	53400
6787.94	0.00122799	51.6258	211.087	241.598	102.539	53500
6788.22	0.00112271	51.6267	213.087	246.061	102.528	53600
6788.78	0.000985281	51.6285	216.739	248.871	102.517	53700
6789.61	0.000824399	51.6313	223.089	248.985	102.507	53800
6790.62	0.000663915	51.6348	234.031	244.507	102.497	53900
6791.83	0.000536227	51.6388	253.434	231.57	102.489	54000
6793.13	0.00050438	51.6432	280.944	210.525	102.482	54100
6794.51	0.000596045	51.6477	306.15	191.785	102.476	54200
6795.81	0.000762669	51.652	321.708	182.694	102.471	54300
6797.03	0.000951855	51.6561	330.653	180.215	102.468	54400
6798.1	0.00113907	51.6596	335.882	181.455	102.466	54500
6798.94	0.00130256	51.6625	339.04	184.764	102.465	54600
6799.55	0.00143591	51.6644	341.008	189.266	102.464	54700
6799.84	0.00152543	51.6654	342.235	194.509	102.464	54800
6799.84	0.0015741	51.6654	342.989	200.224	102.464	54900
6799.54	0.0015776	51.6644	343.545	206.139	102.464	55000
6798.95	0.0015344	51.6624	343.96	212.195	102.463	55100
6798.1	0.00145046	51.6596	344.39	218.239	102.462	55200
6797.04	0.0013272	51.6561	344.978	224.123	102.46	55300
6795.83	0.00117363	51.652	346.108	229.467	102.456	55400
6794.52	0.000996058	51.6476	347.905	234.144	102.452	55500
6793.15	0.000800717	51.6431	351.443	237.081	102.446	55600
6791.84	0.000608079	51.6388	358.333	236.666	102.439	55700
6790.64	0.000435215	51.6347	12.3639	229.11	102.431	55800
6789.59	0.000332447	51.6312	40.0887	207.86	102.421	55900
6788.77	0.000354583	51.6285	73.3531	181.071	102.411	56000
6788.21	0.000466922	51.6267	93.316	167.582	102.4	56100
6787.95	0.000603306	51.6257	101.96	165.412	102.389	56200
6787.97	0.000734008	51.6258	105.441	168.404	102.377	56300
6788.29	0.000848152	51.6269	105.985	174.333	102.366	56400
6788.91	0.000939283	51.629	104.855	181.933	102.355	56500
6789.77	0.00100779	51.6318	102.659	190.598	102.345	56600
6790.85	0.00105241	51.6354	99.6509	200.074	102.336	56700
6792.08	0.00107523	51.6395	96.0981	210.093	102.328	56800
6793.4	0.00107719	51.644	92.1309	220.525	102.321	56900
6794.76	0.00105948	51.6485	87.957	231.161	102.315	57000
6796.05	0.00102288	51.6527	83.7472	241.832	102.311	57100
6797.23	0.000968487	51.6567	79.6152	252.424	102.308	57200
6798.26	0.000894876	51.6602	75.59	262.907	102.306	57300
6799.05	0.00080087	51.6628	71.9396	273.014	102.305	57400
6799.61	0.000688499	51.6647	68.748	282.661	102.304	57500
6799.85	0.000556131	51.6655	66.4947	291.368	102.304	57600
6799.8	0.000405962	51.6653	66.1865	298.13	102.304	57700
6799.44	0.000243353	51.6641	71.1106	299.659	102.304	57800
6798.82	9.57822e-05	51.662	109.567	267.656	102.303	57900
6797.93	0.000171662	51.6591	195.575	188.1	102.302	58000
6796.85	0.000355307	51.6555	208.922	181.206	102.299	58100
6795.62	0.000548308	51.6514	211.633	184.948	102.296	58200
6794.3	0.000733864	51.647	211.892	191.143	102.291	58300
6792.97	0.000903556	51.6425	211.473	198.016	102.285	58400
6791.66	0.00105439	51.6382	210.872	205.073	102.278	58500
6790.48	0.00117419	51.6342	210.143	212.259	102.27	58600
6789.48	0.00126011	51.6308	209.647	219.211	102.26	58700
6788.7	0.00130685	51.6282	209.459	225.858	102.25	58800
6788.18	0.0013133	51.6265	209.56	232.217	102.239	58900
6787.94	0.00127758	51.6257	210.135	238.102	102.227	59000
6787.99	0.00120087	51.6259	211.391	243.307	102.216	59100
6788.37	0.00108421	51.6271	213.921	247.239	102.205	59200
6789.01	0.000938988	51.6293	218.143	249.48	102.194	59300
6789.91	0.000774754	51.6323	225.635	248.453	102.184	59400
6791	0.000617278	51.636	238.864	241.688	102.175	59500
6792.26	0.000513564	51.6401	261.382	225.635	102.167	59600
6793.58	0.000521874	51.6445	289.584	203.899	102.16	59700
6794.92	0.000641746	51.6491	311.643	188.306	102.155	59800
6796.21	0.000819547	51.6533	324.919	181.497	102.151	59900
6797.4	0.00101191	51.6573	332.489	180.394	102.148	60000
6798.39	0.00119203	51.6606	336.852	182.499	102.146	60100
6799.17	0.00134696	51.6632	339.604	186.215	102.145	60200
6799.67	0.00146665	51.6648	341.322	190.966	102.144	60300
6799.89	0.00154676	51.6656	342.416	196.342	102.144	60400
6799.8	0.00158083	51.6652	343.108	202.121	102.144	60500
6799.4	0.00156935	51.6639	343.576	208.123	102.144	60600
6798.73	0.00151398	51.6617	343.954	214.217	102.143	60700
6797.8	0.00141672	51.6586	344.423	220.221	102.142	60800
6796.69	0.00128408	51.6549	345.164	225.953	102.139	60900
6795.41	0.00112012	51.6507	346.396	231.195	102.135	61000
6794.09	0.000936928	51.6462	348.526	235.539	102.131	61100
6792.74	0.00074116	51.6417	352.842	237.698	102.124	61200
6791.44	0.000549558	51.6375	1.462	235.553	102.117	61300
6790.28	0.000392363	51.6336	19.0394	224.451	102.108	61400
6789.32	0.00032432	51.6303	50.4495	199.516	102.098	61500
6788.56	0.000381749	51.6279	80.9036	175.537	102.088	61600
6788.09	0.000506011	51.6263	96.6636	166.251	102.077	61700
6787.9	0.000643305	51.6256	103.514	165.874	102.065	61800
6788.04	0.00076903	51.626	105.622	170.239	102.054	61900
6788.47	0.000876142	51.6275	105.494	176.839	102.043	62000
6789.14	0.000961123	51.6298	104.106	184.697	102.032	62100
6790.1	0.00102277	51.6329	101.502	193.77	102.022	62200
6791.23	0.00106038	51.6367	98.3228	203.416	102.013	62300
6792.49	0.0010779	51.6409	94.6914	213.514	102.006	62400
6793.81	0.00107401	51.6454	90.7677	223.901	101.999	62500
6795.18	0.00105191	51.6498	86.4184	234.713	101.994	62600
6796.43	0.00100862	51.6541	82.2571	245.334	101.99	62700
6797.58	0.000949775	51.6579	78.1378	255.913	101.987	62800
6798.53	0.000870416	51.661	74.279	266.229	101.986	62900
6799.25	0.000770806	51.6635	70.8259	276.138	101.985	63000
6799.71	0.000652341	51.665	67.8553	285.564	101.984	63100
6799.86	0.000513977	51.6655	66.2033	293.67	101.984	63200
6799.72	0.00036002	51.6651	66.7453	299.581	101.984	63300
6799.27	0.000194169	51.6636	76.1536	296.626	101.984	63400
6798.56	8.68133e-05	51.6612	145.784	233.448	101.983	63500
6797.62	0.000223535	51.6581	202.02	183.665	101.981	63600
6796.48	0.000413495	51.6542	209.837	182.301	101.979	63700
6795.19	0.000606972	51.65	211.472	187.12	101.975	63800
6793.88	0.000787621	51.6455	211.654	193.392	101.97	63900
6792.54	0.000953968	51.6411	211.084	200.416	101.963	64000
6791.28	0.00109429	51.6369	210.457	207.5	101.956	64100
6790.16	0.00120318	51.6331	209.874	214.538	101.947	64200
6789.2	0.00128098	51.63	209.438	221.433	101.937	64300
6788.5	0.00131527	51.6276	209.287	228.042	101.927	64400
6788.06	0.00130942	51.6261	209.523	234.266	101.915	64500
6787.92	0.00125825	51.6257	210.31	239.939	101.904	64600
6788.09	0.00116841	51.6262	211.966	244.745	101.893	64700
6788.54	0.00104287	51.6277	214.853	248.321	101.881	64800
6789.27	0.000890571	51.6302	219.883	249.753	101.871	64900
6790.23	0.000725619	51.6334	228.78	247.32	101.861	65000
6791.38	0.000578829	51.6372	244.551	238.015	101.852	65100
6792.67	0.000501935	51.6415	269.754	219.277	101.845	65200
6793.99	0.000547946	51.646	297.115	198.381	101.839	65300
6795.33	0.000691982	51.6504	316.368	185.595	101.834	65400
6796.59	0.000876135	51.6546	327.575	180.855	101.83	65500
6797.72	0.00106765	51.6584	333.936	180.961	101.827	65600
6798.66	0.00124178	51.6615	337.747	183.619	101.826	65700
6799.35	0.00138617	51.6638	340.12	187.714	101.825	65800
6799.77	0.00149433	51.6651	341.6	192.703	101.825	65900
6799.88	0.0015595	51.6656	342.504	198.269	101.824	66000
6799.71	0.0015816	51.6649	343.161	204.082	101.824	66100
6799.2	0.00155542	51.6633	343.548	210.167	101.824	66200
6798.46	0.00148787	51.6608	343.971	216.216	101.823	66300
6797.46	0.00137814	51.6576	344.469	222.191	101.821	66400
6796.3	0.00123613	51.6536	345.294	227.838	101.818	66500
6795.01	0.0010652	51.6493	346.798	232.809	101.814	66600
6793.66	0.000876207	51.6448	349.484	236.597	101.809	66700
6792.34	0.000683331	51.6404	354.605	237.951	101.802	66800
6791.08	0.000497947	51.6362	5.0457	233.986	101.795	66900
6789.95	0.00035744	51.6325	27.0002	218.506	101.785	67000
6789.04	0.000327068	51.6295	60.9724	191.009	101.776	67100
6788.4	0.000414256	51.6272	86.6909	171.765	101.765	67200
6787.99	0.000547158	51.626	99.3429	165.588	101.754	67300
6787.91	0.000682066	51.6257	104.381	167.023	101.742	67400
6788.13	0.000802369	51.6264	105.692	172.184	101.731	67500
6788.65	0.000903487	51.628	105.084	179.263	101.72	67600
6789.41	0.000981461	51.6307	103.253	187.565	101.709	67700
6790.43	0.00103491	51.6341	100.473	196.813	101.7	67800
6791.6	0.00106846	51.638	97.1531	206.6	101.691	67900
6792.9	0.00107968	51.6423	93.2763	216.942	101.684	68000
6794.24	0.00107052	51.6467	89.227	227.455	101.678	68100
6795.57	0.00104263	51.6511	84.9817	238.162	101.673	68200
6796.81	0.000995787	51.6553	80.793	248.811	101.669	68300
6797.9	0.000929589	51.659	76.7613	259.301	101.667	68400
6798.77	0.000843361	51.6619	73.0595	269.46	101.666	68500
6799.41	0.000738006	51.6641	69.7691	279.206	101.665	68600
6799.78	0.000613619	51.6653	67.1661	288.263	101.665	68700
6799.85	0.000471475	51.6655	65.8494	296.034	101.665	68800
6799.61	0.000311693	51.6647	68.0325	300.304	101.664	68900
6799.08	0.000148592	51.6629	84.613	290.177	101.664	69000
6798.28	0.000111951	51.6603	174.621	206.622	101.663	69100
6797.27	0.00028069	51.6569	205.101	182.595	101.661	69200
6796.09	0.000473112	51.653	210.359	183.79	101.658	69300
6794.8	0.000662312	51.6486	211.455	189.147	101.654	69400
6793.47	0.000839828	51.6442	211.277	195.78	101.648	69500
6792.15	0.000998745	51.6398	210.675	202.837	101.641	69600
6790.91	0.00113096	51.6357	210.099	209.868	101.633	69700
6789.84	0.00123097	51.6321	209.556	216.869	101.624	69800
6788.95	0.00129607	51.6291	209.176	223.706	101.614	69900
6788.32	0.00131873	51.627	209.159	230.182	101.603	70000
6787.98	0.00129928	51.6258	209.575	236.227	101.592	70100
6787.94	0.00123737	51.6257	210.573	241.689	101.581	70200
6788.2	0.00113466	51.6266	212.499	246.225	101.569	70300
6788.73	0.00099938	51.6284	215.931	249.255	101.558	70400
6789.53	0.000842139	51.6311	221.845	249.805	101.548	70500
6790.58	0.000677458	51.6345	232.594	245.52	101.539	70600
6791.76	0.000546026	51.6385	251.067	233.512	101.53	70700
6793.07	0.00050335	51.6429	278.271	212.774	101.523	70800
6794.42	0.000582822	51.6473	303.934	193.576	101.517	70900
6795.73	0.000744521	51.6518	320.293	183.684	101.513	71000
6796.97	0.000936212	51.6558	329.792	180.652	101.509	71100
6798.02	0.00112074	51.6594	335.12	181.792	101.507	71200
6798.89	0.00128718	51.6623	338.429	184.951	101.506	71300
6799.52	0.00142365	51.6643	340.55	189.299	101.505	71400
6799.84	0.00151819	51.6654	341.827	194.491	101.505	71500
6799.86	0.00157012	51.6655	342.63	200.158	101.505	71600
6799.57	0.00157641	51.6645	343.151	206.107	101.505	71700
6799	0.00153882	51.6626	343.6	212.13	101.504	71800
6798.17	0.00145764	51.6599	343.972	218.23	101.503	71900
6797.12	0.00133744	51.6563	344.552	224.123	101.501	72000
6795.92	0.00118768	51.6523	345.519	229.63	101.498	72100
6794.58	0.00100842	51.648	347.186	234.437	101.493	72200
6793.24	0.000817085	51.6434	350.482	237.615	101.487	72300
6791.92	0.00062208	51.6391	356.891	237.681	101.48	72400
6790.7	0.000446764	51.635	10.0966	230.951	101.472	72500
6789.66	0.000334813	51.6315	36.2487	211.274	101.463	72600
6788.81	0.000344616	51.6287	70.202	183.796	101.453	72700
6788.24	0.000450942	51.6267	91.5289	168.944	101.442	72800
6787.94	0.000587552	51.6258	101.215	165.731	101.43	72900
6787.95	0.000719856	51.6258	104.887	168.533	101.419	73000
6788.28	0.0008341	51.6268	105.373	174.52	101.407	73100
6788.86	0.000929203	51.6288	104.513	181.851	101.396	73200
6789.71	0.000999353	51.6316	102.292	190.54	101.386	73300
6790.76	0.00104633	51.6352	99.3825	199.918	101.377	73400
6792	0.00107243	51.6393	95.7643	210.003	101.369	73500
6793.31	0.00107802	51.6437	91.9302	220.301	101.362	73600
6794.66	0.00106371	51.6482	87.798	230.897	101.356	73700
6795.95	0.00103115	51.6525	83.5792	241.577	101.352	73800
6797.16	0.000979209	51.6565	79.4029	252.213	101.349	73900
6798.19	0.000907694	51.66	75.488	262.586	101.347	74000
6799.01	0.000815105	51.6627	71.835	272.695	101.346	74100
6799.56	0.000704855	51.6645	68.7381	282.248	101.345	74200
6799.84	0.000574614	51.6654	66.4409	290.999	101.345	74300
6799.81	0.000426293	51.6654	65.9176	297.976	101.345	74400
6799.46	0.000263203	51.6643	70.5541	299.793	101.345	74500
6798.86	0.000110989	51.6622	101.238	275.562	101.344	74600
6798	0.000154809	51.6593	189.875	193.378	101.343	74700
6796.92	0.000337526	51.6557	207.186	182.52	101.34	74800
6795.7	0.000531652	51.6517	210.638	185.52	101.337	74900
6794.38	0.000718062	51.6473	211.231	191.382	101.332	75000
6793.04	0.000890867	51.6428	210.897	198.17	101.326	75100
6791.73	0.00104412	51.6384	210.27	205.252	101.319	75200
6790.56	0.00116585	51.6344	209.776	212.203	101.311	75300
6789.53	0.00125715	51.6311	209.23	219.206	101.301	75400
6788.73	0.00130885	51.6284	209.004	225.89	101.291	75500
6788.2	0.0013176	51.6265	209.106	232.247	101.28	75600
6787.95	0.00128429	51.6257	209.679	238.135	101.269	75700
6788	0.00120939	51.6259	210.94	243.335	101.257	75800
6788.32	0.00109872	51.6271	213.213	247.524	101.246	75900
6788.96	0.000954641	51.6292	217.341	249.859	101.235	76000
6789.83	0.000791946	51.6321	224.351	249.313	101.225	76100
6790.94	0.000631429	51.6357	237.003	243.124	101.216	76200
6792.17	0.000520008	51.6398	258.505	228.087	101.208	76300
6793.5	0.000514338	51.6443	286.837	206.221	101.201	76400
6794.82	0.000624245	51.6488	309.641	189.884	101.196	76500
6796.12	0.000799688	51.6531	323.679	182.312	101.192	76600
6797.32	0.000993213	51.6571	331.612	180.846	101.189	76700
6798.33	0.00117498	51.6604	336.279	182.647	101.187	76800
6799.13	0.00133304	51.663	339.128	186.266	101.186	76900
6799.64	0.00145482	51.6648	340.869	190.994	101.185	77000
6799.88	0.00153769	51.6655	341.996	196.337	101.185	77100
6799.81	0.00157703	51.6653	342.725	202.078	101.185	77200
6799.42	0.00156862	51.664	343.183	208.091	101.185	77300
6798.78	0.0015195	51.6618	343.575	214.17	101.184	77400
6797.88	0.00142553	51.6588	344.017	220.201	101.183	77500
6796.76	0.00129488	51.6551	344.657	226.034	101.18	77600
6795.51	0.00113444	51.651	345.752	231.412	101.177	77700
6794.17	0.000951733	51.6465	347.89	235.749	101.172	77800
6792.81	0.0007557	51.642	351.823	238.29	101.166	77900
6791.53	0.000566287	51.6378	359.661	236.928	101.158	78000
6790.36	0.000403994	51.6338	16.0383	227.026	101.15	78100
6789.37	0.000322147	51.6306	46.4287	203.111	101.14	78200
6788.61	0.000368555	51.6279	77.9723	178.042	101.129	78300
6788.12	0.000489927	51.6264	95.1021	167.387	101.118	78400
6787.92	0.000626504	51.6256	102.536	166.427	101.107	78500
6788.01	0.0007551	51.626	105.221	170.215	101.095	78600
6788.41	0.000863663	51.6273	105.245	176.662	101.084	78700
6789.11	0.000951732	51.6297	103.654	184.724	101.074	78800
6790.01	0.00101474	51.6327	101.309	193.539	101.064	78900
6791.14	0.00105774	51.6364	98.0807	203.234	101.055	79000
6792.39	0.00107712	51.6407	94.5273	213.253	101.047	79100
6793.74	0.0010765	51.645	90.3821	223.863	101.04	79200
6795.08	0.00105695	51.6495	86.2808	234.427	101.035	79300
6796.34	0.0010182	51.6538	82.1377	245.03	101.031	79400
6797.5	0.000960239	51.6577	78.033	255.594	101.028	79500
6798.48	0.000883371	51.6609	74.0734	266.011	101.027	79600
6799.2	0.000786516	51.6634	70.664	275.877	101.026	79700
6799.68	0.000669735	51.6649	67.7434	285.253	101.025	79800
6799.85	0.000532778	51.6655	66.1163	293.334	101.025	79900
6799.73	0.000380169	51.6651	66.494	299.41	101.025	80000
6799.3	0.000214488	51.6637	74.6353	297.722	101.025	80100
6798.61	9.10722e-05	51.6614	131.563	247.247	101.024	80200
6797.68	0.000207339	51.6583	198.685	186.578	101.022	80300
6796.55	0.000396735	51.6545	208.41	183.306	101.02	80400
6795.3	0.000588003	51.6503	210.721	187.448	101.016	80500
6793.96	0.000773153	51.6459	210.845	193.779	101.011	80600
6792.62	0.000940612	51.6414	210.491	200.587	101.005	80700
6791.36	0.00108472	51.6372	209.961	207.572	100.997	80800
6790.22	0.00119838	51.6333	209.432	214.558	100.988	80900
6789.26	0.00127642	51.6301	209.027	221.42	100.979	81000
6788.54	0.0013161	51.6277	208.871	228.035	100.968	81100
6788.08	0.00131352	51.6262	209.064	234.302	100.957	81200
6787.92	0.0012666	51.6257	209.834	239.992	100.946	81300
6788.06	0.00118064	51.6261	211.389	244.898	100.934	81400
6788.51	0.00105789	51.6276	214.23	248.52	100.923	81500
6789.23	0.000905548	51.63	219.014	250.198	100.912	81600
6790.16	0.000741852	51.6332	227.39	248.287	100.903	81700
6791.3	0.000590681	51.637	242.375	239.766	100.894	81800
6792.59	0.000504642	51.6412	266.856	221.75	100.886	81900
6793.91	0.000538314	51.6456	294.488	200.584	100.88	82000
6795.24	0.000674618	51.6501	314.725	186.813	100.875	82100
6796.5	0.000856733	51.6544	326.381	181.624	100.871	82200
6797.65	0.00104865	51.6581	333.157	181.315	100.868	82300
6798.59	0.00122407	51.6613	337.175	183.765	100.867	82400
6799.32	0.00137372	51.6637	339.636	187.773	100.866	82500
6799.75	0.0014845	51.6651	341.17	192.708	100.865	82600
6799.88	0.00155266	51.6655	342.127	198.22	100.865	82700
6799.72	0.00157874	51.665	342.773	204.045	100.865	82800
6799.26	0.00155893	51.6634	343.174	210.115	100.865	82900
6798.53	0.00149483	51.661	343.568	216.193	100.864	83000
6797.53	0.00138798	51.6578	343.985	222.249	100.862	83100
6796.38	0.0012478	51.6539	344.761	227.946	100.859	83200
6795.11	0.00108068	51.6497	346.144	233.037	100.855	83300
6793.75	0.000893065	51.6451	348.6	237.055	100.85	83400
6792.41	0.00069777	51.6407	353.48	238.65	100.844	83500
6791.15	0.000511466	51.6365	3.20704	235.398	100.836	83600
6790.03	0.000365722	51.6327	23.6444	221.436	100.827	83700
6789.11	0.000323127	51.6296	56.775	194.781	100.817	83800
6788.43	0.000399163	51.6274	84.4997	173.531	100.806	83900
6788.01	0.00052998	51.626	98.0767	166.428	100.795	84000
6787.91	0.00066607	51.6256	103.546	167.432	100.784	84100
6788.12	0.000787403	51.6263	105.132	172.32	100.772	84200
6788.61	0.000891728	51.6279	104.589	179.334	100.761	84300
6789.36	0.000972333	51.6305	102.836	187.557	100.751	84400
6790.35	0.001029	51.6338	100.143	196.719	100.741	84500
6791.52	0.00106459	51.6377	96.8153	206.514	100.732	84600
6792.8	0.00107841	51.642	93.0958	216.698	100.725	84700
6794.16	0.0010735	51.6464	88.9554	227.303	100.719	84800
6795.48	0.00104768	51.6509	84.8227	237.897	100.714	84900
6796.74	0.00100302	51.655	80.5583	248.622	100.71	85000
6797.81	0.000940478	51.6587	76.6797	258.959	100.708	85100
6798.73	0.000857928	51.6617	72.8324	269.264	100.706	85200
6799.39	0.000755456	51.664	69.4827	279.069	100.706	85300
6799.76	0.000631936	51.6652	67.0464	287.961	100.705	85400
6799.85	0.000491311	51.6655	65.7866	295.674	100.705	85500
6799.64	0.000333024	51.6647	67.3303	300.584	100.705	85600
6799.12	0.000168404	51.6631	81.5255	292.842	100.705	85700
6798.34	0.000104552	51.6605	163.816	217.004	100.704	85800
6797.36	0.000262306	51.6571	202.862	184.411	100.702	85900
6796.19	0.000453672	51.6533	209.313	184.413	100.699	86000
6794.88	0.000645952	51.649	210.565	189.615	100.695	86100
6793.54	0.000826077	51.6444	210.594	196.04	100.689	86200
6792.24	0.000986398	51.64	210.22	202.869	100.683	86300
6791	0.00112206	51.6359	209.672	209.873	100.675	86400
